0
0	1 1 -1 
1	1 0 2 
2	-1 2 2 

1
0	1 0 -1 
1	1 1 2 
2	-1 2 2 

2
0	1 2 -1 
1	1 1 2 
2	-1 0 2 

3
0	1 2 -1 
1	1 0 2 
2	-1 1 2 

4
0	1 2 -1 
1	0 1 2 
2	-1 1 2 

5
0	0 2 -1 
1	1 1 2 
2	-1 1 2 

6
0	2 0 -1 
1	1 1 2 
2	-1 1 2 

7
0	2 1 -1 
1	1 0 2 
2	-1 1 2 

8
0	2 1 -1 
1	1 2 0 
2	-1 1 2 

9
0	2 1 -1 
1	1 2 2 
2	-1 1 0 

10
0	2 1 -1 
1	1 2 2 
2	-1 0 1 

11
0	2 0 -1 
1	1 2 2 
2	-1 1 1 

12
0	2 2 -1 
1	1 0 2 
2	-1 1 1 

13
0	2 2 -1 
1	0 1 2 
2	-1 1 1 

14
0	2 2 -1 
1	2 1 0 
2	-1 1 1 

15
0	2 2 -1 
1	2 0 1 
2	-1 1 1 

